Patchtest for frustum element
61	1	1	1
 1	0	1	1	-3.0	0	1
 2	0	1	0	-2.9	0	1
 3	0	1	0	-2.8	0	1
 4	0	1	0	-2.7	0	1
 5	0	1	0	-2.6	0	1
 6	0	1	0	-2.5	0	1
 7	0	1	0	-2.4	0	1
 8	0	1	0	-2.3	0	1
 9	0	1	0	-2.2	0	1
 10	0	1	0	-2.1	0	1
 11	0	1	0	-2.0	0	1
 12	0	1	0	-1.9	0	1
 13	0	1	0	-1.8	0	1
 14	0	1	0	-1.7	0	1
 15	0	1	0	-1.6	0	1
 16	0	1	0	-1.5	0	1
 17	0	1	0	-1.4	0	1
 18	0	1	0	-1.3	0	1
 19	0	1	0	-1.2	0	1
 20	0	1	0	-1.1	0	1
 21	0	1	0	-1.0	0	1
 22	0	1	0	-0.9	0	1
 23	0	1	0	-0.8	0	1
 24	0	1	0	-0.7	0	1
 25	0	1	0	-0.6	0	1
 26	0	1	0	-0.5	0	1
 27	0	1	0	-0.4	0	1
 28	0	1	0	-0.3	0	1
 29	0	1	0	-0.2	0	1
 30	0	1	0	-0.1	0	1
 31	0	1	0	0.0	0	1
 32	0	1	0	0.1	0	1
 33	0	1	0	0.2	0	1
 34	0	1	0	0.3	0	1
 35	0	1	0	0.4	0	1
 36	0	1	0	0.5	0	1
 37	0	1	0	0.6	0	1
 38	0	1	0	0.7	0	1
 39	0	1	0	0.8	0	1
 40	0	1	0	0.9	0	1
 41	0	1	0	1.0	0	1
 42	0	1	0	1.1	0	1
 43	0	1	0	1.2	0	1
 44	0	1	0	1.3	0	1
 45	0	1	0	1.4	0	1
 46	0	1	0	1.5	0	1
 47	0	1	0	1.6	0	1
 48	0	1	0	1.7	0	1
 49	0	1	0	1.8	0	1
 50	0	1	0	1.9	0	1
 51	0	1	0	2.0	0	1
 52	0	1	0	2.1	0	1
 53	0	1	0	2.2	0	1
 54	0	1	0	2.3	0	1
 55	0	1	0	2.4	0	1
 56	0	1	0	2.5	0	1
 57	0	1	0	2.6	0	1
 58	0	1	0	2.7	0	1
 59	0	1	0	2.8	0	1
 60	0	1	0	2.9	0	1
 61	0	1	1	3.0	0	1

1	1
31	3	-1000
13	60	1
1	1000000	0.2	0.1
     1     1     2     1
     2     2     3     1
     3     3     4     1
     4     4     5     1
     5     5     6     1
     6     6     7     1
     7     7     8     1
     8     8     9     1
     9     9    10     1
    10    10    11     1
    11    11    12     1
    12    12    13     1
    13    13    14     1
    14    14    15     1
    15    15    16     1
    16    16    17     1
    17    17    18     1
    18    18    19     1
    19    19    20     1
    20    20    21     1
    21    21    22     1
    22    22    23     1
    23    23    24     1
    24    24    25     1
    25    25    26     1
    26    26    27     1
    27    27    28     1
    28    28    29     1
    29    29    30     1
    30    30    31     1
    31    31    32     1
    32    32    33     1
    33    33    34     1
    34    34    35     1
    35    35    36     1
    36    36    37     1
    37    37    38     1
    38    38    39     1
    39    39    40     1
    40    40    41     1
    41    41    42     1
    42    42    43     1
    43    43    44     1
    44    44    45     1
    45    45    46     1
    46    46    47     1
    47    47    48     1
    48    48    49     1
    49    49    50     1
    50    50    51     1
    51    51    52     1
    52    52    53     1
    53    53    54     1
    54    54    55     1
    55    55    56     1
    56    56    57     1
    57    57    58     1
    58    58    59     1
    59    59    60     1
    60    60    61     1