A_patch_test_of_shell
16 1 1 1
1 1 1 0 0 0 1 -1.0 -1.0 0.0
2 0 0 0 0 0 1 0.0 -1.0 0.0
3 0 0 0 0 0 1 0.3 -1.0 0.0
4 0 1 0 0 0 1 1.0 -1.0 0.0
5 0 0 0 0 0 1 -1.0 -0.2 0.0
6 0 0 0 0 0 1 0.0 -0.2 0.0
7 0 0 0 0 0 1 0.3 -0.2 0.0
8 0 0 0 0 0 1 1.0 -0.2 0.0
9 0 0 0 0 0 1 -1.0 0.0 0.0
10 0 0 1 1 1 1 0.0 0.0 0.0
11 0 0 0 0 0 1 0.3 0.0 0.0
12 0 0 0 0 0 1 1.0 0.0 0.0
13 0 0 0 0 0 1 -1.0 1.0 0.0
14 0 0 0 0 0 1 0.0 1.0 0.0
15 0 0 0 0 0 1 0.3 1.0 0.0
16 0 0 0 0 0 1 1.0 1.0 0.0
1 16
1	5	1.6
5	5	2
9	5	2.4
13	5	2
4	5	-1.6
8	5	-2
12	5	-2.4
16	5	-2
1	2	-1
2	2	-1.3
3	2	-1.0
4	2	-0.7
13	2	1.0
14	2	1.3
15	2	1.0
16	2	0.7
7 9 1
1 24 0.2 1
1 1 2 6 5 1
2 2 3 7 6 1
3 3 4 8 7 1
4 5 6 10 9 1
5 6 7 11 10 1
6 7 8 12 11 1
7 9 10 14 13 1
8 10 11 15 14 1
9 11 12 16 15 1
stop