Beam patch test 1
13    3    1    1
1    0    0    1    1    1    1     2    0    0
2    0    0    1    1    1    1     2    2    0
3    0    0    1    1    1    1     0    2    0
4    0    0    1    1    1    1     0    0    0
5    0    0    1    1    1    1     2    1    0
6    0    0    1    1    1    1     4    2    0
7    0    0    1    1    1    1     4    0    0
8    0    0    1    1    1    1     3    2    0
9    0    0    1    1    1    1     3    0    0
10   0    0    1    1    1    1     4    1    0
11   0    0    1    1    1    1     3    1    0
12   1    0    1    1    1    1     -2   2    0 
13   1    1    1    1    1    1     -2   0    0

1    3
6    1    100
7    1    100
10   1    400

12    1    1
1    10000000  0.3  
1    1    2    3    4    5    1

10    1    1
1    10000000  0.3
1    2    1   7    6    5   9   10   8   11   1

2    1    1
1    10000000   0.3
1    12   13   4   3  1