a test to STAP90 
    8    1    1    1   
    1    1    1    1    1    1    1       0.0       0.0       0.0    0  
    2    0    1    1    1    1    1      20.0       0.0       0.0    0  
    3    0    1    1    1    1    1      20.0      20.0       0.0    0  
    4    0    1    1    1    1    1       0.0      20.0       0.0    0
    5    0    1    1    1    1    1      10.0       0.0       0.0    0  
    6    0    1    1    1    1    1      20.0      10.0       0.0    0
    7    0    1    1    1    1    1      10.0      20.0       0.0    0	
    8    1    1    1    1    1    1       0.0      10.0       0.0    0
    1    2
    2    3    -1.0E3
    3    3    -1.0E3
    9    1    1    0
    1      1E10       0.3
    1    1    2    3    4    5    6    7    8    1    0
