A_patch_test_of_plate
16 1 1 1
1 1 1 0 0 0 1 -1.0 -1.0 0.0
2 1 1 0 0 0 1 0.0 -1.0 0.0
3 1 1 0 0 0 1 0.3 -1.0 0.0
4 1 1 0 0 0 1 1.0 -1.0 0.0
5 1 1 0 0 0 1 -1.0 -0.2 0.0
6 1 1 0 0 0 1 0.0 -0.2 0.0
7 1 1 0 0 0 1 0.3 -0.2 0.0
8 1 1 0 0 0 1 1.0 -0.2 0.0
9 1 1 0 0 0 1 -1.0 0.0 0.0
10 1 1 1 1 1 1 0.0 0.0 0.0
11 1 1 0 0 0 1 0.3 0.0 0.0
12 1 1 0 0 0 1 1.0 0.0 0.0
13 1 1 0 0 0 1 -1.0 1.0 0.0
14 1 1 0 0 0 1 0.0 1.0 0.0
15 1 1 0 0 0 1 0.3 1.0 0.0
16 1 1 0 0 0 1 1.0 1.0 0.0
1 8
1	5	1.6
5	5	2
9	5	2.4
13	5	2
4	5	-1.6
8	5	-2
12	5	-2.4
16	5	-2
6 9 1
1 24 1 0.2
1 1 2 6 5 1
2 2 3 7 6 1
3 3 4 8 7 1
4 5 6 10 9 1
5 6 7 11 10 1
6 7 8 12 11 1
7 9 10 14 13 1
8 10 11 15 14 1
9 11 12 16 15 1
stop